0.01474248
0.01783648
0.0070545
0.00578544
0.00368721
-0.00217114
-0.0069892
-0.00588834
0.00502425
-0.00752577
0.0233887
0.02144885
-0.00421474
-0.01313808
0.00520608
0.00413685
0.00314265
-0.00961392
0.02105335
0
-0.00342308
0
-0.0184819
-0.00446504
-0.01150548
0.01419462
0.02093745
-0.01063632
-0.00665883
-0.01864015
0.00121107
0
0.00934792
-0.00405372
0
0.01042998
0.00363304
-0.01284132
0
0.00201608
0.00494787
0
0.0074247
0.0173952
0.00313283
-0.00461808
0.00679983
-0.02237045
-0.00243014
0.00544292
0.00385726
0.0133029
-0.00330359
0
0
-0.00908624
-0.01262502
0
-0.00454755
-0.002908
0.00655165
0.00667962
-0.02023665
0.00598476
-0.00149941
0.01148988
0.00148898
0.0018483
-0.00549536
-0.00284948
0.00900126
-0.00446721
-0.01846635
0.00464154
0.00898968
0.00471635
0.01048905
0.00866964
0.006623
0.00767848
-0.00419064
-0.00575595
0.00564828
0.00475284
-0.016398
0.01653085
-0.00325561
-0.01349328
0.0094726
-0.01376934
0
-0.00214895
-0.0027251
-0.00241206
-0.0071126
-0.00991803
0.00976876
0.00898512
-0.00694855
-0.007599
0
-0.00788592
0.00451323
-0.00151186
0
0.01380984
-0.00445196
0.0039489
-0.00366338
0.00983994
-0.02334955
0.0035239
0.0042314
-0.00881228
-0.01454985
0.0219585
0.00524912
0.01304572
0.01598208
-0.02324605
0.0121848
0.00853065
0.00449729
0.00925766
0
0.0058701
0.0042907
0
0.01811252
0.00185411
0
-0.00450866
-0.01745724
-0.00175239
0
-0.0035617
-0.00781539
0
0.02329015
-0.0033282
0
0
-0.00999656
0.00772648
-0.00798135
0.00247362
0.00711888
-0.00163564
-0.00723664
-0.01018878
-0.002523
-0.00945081
-0.01782935
0.0056657
-0.01126308
-0.0062101
-0.00101794
0.0220615
0.00797058
0.01418515
-0.0057919
0.00423184
-0.0249307
0.0076912
-0.01435092
0.01280391
0.00130312
-0.01633028
0.00311893
0.00495054
0.01582408
0.018147
0.00462513
-0.00270246
-0.0080432
0
0.00969892
0.00787527
0.00336363
-0.00480344
0.01129052
0.0073939
0.0071313
0.00222439
0.01971445
0.00480436
-0.00456504
0.01059796
-0.00903498
0.00340523
0.00672628
0.00401172
0.01208716
-0.01825145
0.00668296
0.01722895
0.00310246
0.00886526
-0.00375923
0
-0.00552994
-0.00472636
-0.00753693
0.01386303
0.00470768
0.00928764
0.0045972
-0.00400774
0.0095556
-0.00595488
-0.00487708
-0.0044854
0.02367115
0.00982718
-0.00556592
0.00656412
0.00268554
0.0093639
0.00981776
-0.00341772
-0.0044896
-0.01633445
-0.01221364
-0.00660726
0.00620828
0
-0.0114226
0.01046937
0.00519744
-0.00861225
-0.00497556
0
-0.00339236
0
-0.0157796
-0.01440636
0.01223979
0
0.01638305
0.0113516
0
-0.0078954
0
-0.00683208
-0.00450188
0
-0.01476846
0.0193977
0
0.01992965
-0.00685071
0.01339288
-0.00841804
-0.00973176
0.00752005
-0.00211513
-0.015269
-0.00464688
0
-0.00354189
0.00318552
0.00516882
-0.01153653
-0.00472167
0.01329213
-0.00180195
-0.00474824
0.00470496
0.01921035
0.01328032
0.01485714
-0.009841
-0.00577482
0.00983364
0.00543972
0
-0.00624606
0.00797375
-0.0166007
0.00347658
-0.00330756
-0.00904737
-0.0074636
0.00347788
-0.01040784
0
-0.01935204
-0.00333508
0.00491951
0.00533066
0.00448224
0.01261539
-0.01217808
0.00668409
-0.00617667
0.0125502
-0.00434443
0.004257
0.00832254
-0.01396734
0.01007705
0.00662618
0.0096872
0.00448086
0.00925724
-0.00803613
0.00897444
0
0.0135304
-0.0217427
0.00199926
0.0020067
0.0144294
-0.00492379
-0.00148917
0.01170792
-0.00922785
-0.0065134
0.00402375
0.01631464
-0.01750305
-0.01275
-0.00194756
0.0159525
0.00276168
0.0092176
0.00636002
0.00904404
0.00552102
0.00269338
-0.01372596
-0.00484071
-0.00455703
-0.01830332
0.00964176
-0.00780044
0.02235055
0.00265532
-0.01857296
0.01491903
-0.014828
-0.00344416
0.00186131
-0.0170636
0.0073383
-0.00295363
0.01023759
-0.00356118
0.0078063
-0.0085288
-0.0043155
0.01960084
0.02385805
0.00809968
0.00832904
0.01976685
0.01953305
0.00176617
0.0127512
-0.00305548
-0.01200312
0.01553468
-0.01088685
-0.01094232
-0.01043244
0.0086081
0.0088818
0.00844
-0.0188102
0
0.01536085
-0.0151906
0.00201416
-0.00185373
0
0.01246995
-0.00261026
-0.02288985
0
-0.0097386
0.0200051
0.0097554
0.01183212
-0.0050827
-0.00144968
0.00482328
-0.01748555
0.0074955
0.00391132
-0.00203752
0.009046
0.00346708
0
0.01814668
0.00756476
-0.0019834
0.00867234
0
-0.00456301
-0.00540645
0.00182468
0
-0.00833625
0.01830248
-0.00232685
-0.01049935
0.00340797
0
-0.0148716
-0.00900063
0.0075438
0.00176232
-0.00377121
0.0079643
-0.00463882
0.01965965
0
0.00499812
-0.01317756
0.0028253
0
0.00416242
-0.01043476
-0.01455864
-0.00185735
-0.00246393
-0.01847155
0.02361005
0.00776892
0.00900918
-0.00415144
-0.00376261
-0.0056308
0.00306929
-0.02171425
-0.00982064
0.00346724
-0.00732506
0.0034709
0.01156698
-0.00531354
0.00614
-0.00423312
0.00682924
-0.00335626
0.01038975
0.01001948
-0.00450244
0
0.00916012
0.00463544
0.01665985
0.0080656
0.00673509
-0.003482
0.00424057
-0.00491732
0.00586245
-0.01469776
0.01653348
0.0069234
-0.00399684
-0.01194565
0.00356934
-0.019523
0.0028321
-0.00750969
0.00426818
0.00388087
0.0057341
-0.01720612
0
0.00660594
0.0055471
0.0125888
-0.00329972
-0.00335262
-0.00241568
0.00405623
-0.01066792
0.0137769
0.00218446
0.01545824
-0.01297368
0.0159719
-0.01469965
0.01396804
-0.0231908
0.0014054
0.0066987
-0.00534412
-0.00209782
0.01106952
0.01047085
-0.00227648
0.01082592
-0.0088804
-0.00226671
0.002141
-0.01179812
-0.00693316
-0.0242433
-0.00299507
0.00354165
0.00689134
0.00272402
0.00355491
-0.0017558
-0.015252
0.00106955
0.00193882
-0.00582002
0.01337142
0.00500385
0.0094323
-0.02070385
0.00332859
-0.00129329
0.00922256
0.00925
0.00370302
0
0
-0.00663828
0.00751114
0.00800828
0.0176387
-0.00943869
-0.0077355
0.0021467
-0.00340852
0.00669238
-0.00493804
0.00607059
-0.0086538
0.0125985
-0.00264828
-0.01422699
-0.00357578
0.00873728
0.01137124
0
0
0.00397608
-0.00972543
-0.00318444
0.01862175
-0.0087764
-0.0078378
0.01646775
0.01485456
-0.00343907
0.00372978
0.00716697
0.0124572
-0.0024586
-0.00418664
-0.02008575
0.008636
-0.01324908
-0.00923924
0.01135002
-0.00788288
-0.00888648
0.01376544
-0.00465284
0.00545584
0.0036823
0.00490605
0.0203811
-0.011886
-0.0218486
-0.02071305
-0.01813848
0.00808045
-0.0054204
0
-0.00519414
-0.00470083
-0.00445686
0.01268199
0.0088024
0.00256306
0.00344923
0.0143837
0.00340268
-0.00677532
-0.017962
-0.0236053
0
-0.00962724
0.0156487
-0.00856884
-0.01579196
0.00960432
0.00937762
0.01079859
-0.01276092
0.0199455
-0.00110995
0.01155522
-0.00745082
-0.0114056
0.01857528
-0.02138445
-0.00783474
0.00254326
0.00435421
0.00761844
0
0.0239729
0.00884238
0
0
-0.00347033
0.00287012
-0.01036065
-0.00550098
0.02147805
0.00429228
0.00871377
-0.00766826
0.01703468
0.00789294
-0.002502
-0.01229913
0.01186617
-0.00494285
-0.01961205
0.00407411
0.00535952
-0.0026038
0
0.0066104
0.01833555
-0.00258144
0.0041074
-0.00689495
-0.0202039
-0.01071021
-0.00170453
0
0
-0.0110877
-0.01294242
0.0123951
0.00608208
-0.0051704
0.00433215
0.01610892
-0.01523916
0.02015785
-0.01119344
-0.00220083
-0.00268832
-0.00290755
0
0.0216328
-0.0063879
-0.01944956
-0.00790524
-0.0056251
0.00147392
-0.01536088
0.00251227
0.00298564
-0.00501894
0.00594093
-0.01178284
0.00351402
0.00348366
-0.00743631
-0.00431843
0
-0.01665835
0.00847235
0
0.00275598
0.00323295
-0.00544868
0.02398215
-0.01062448
0.01140295
0.017851
0.00670767
-0.017429
-0.02414225
-0.0048157
-0.01064034
-0.0146042
-0.0122151
0.00693252
0.008728
0.0186508
0.00772732
0
0.00527565
0
0.00979346
0.01089228
0
-0.01039437
0.00267904
-0.01025898
-0.00482864
-0.0190008
0.0037733
-0.01733852
0.0171638
0.00406837
-0.00267391
-0.00987408
0
0
0.00640372
-0.00941034
0.01807556
-0.01267956
0.00163459
-0.00342048
0.01919928
0.00114855
0
-0.00320703
0.00982384
-0.00406157
0.0026154
-0.0074334
-0.0223908
-0.00335438
0
0.0115425
-0.00168184
0.0243729
0.0219818
0.00593211
0.00689868
-0.00690418
-0.0155492
-0.00383094
0.00337389
-0.00148308
-0.00378054
-0.01159212
-0.01757196
0
0.00465828
-0.00893176
0.01377956
-0.00608982
0.0018214
-0.00872804
-0.0070764
0.00961678
0.00713322
0.00255828
-0.00391686
0.0035088
0.0040019
-0.011469
-0.00211074
0
-0.00456125
-0.00404801
0.00258109
0.01206576
-0.0046833
-0.00263554
0.00264558
0.00416548
-0.01919844
0.00422536
-0.01062678
0.01434808
-0.017439
-0.01342449
0
0.01064652
0.01012092
-0.00430404
-0.00775172
0.0035628
0.00271014
0.01136655
0.0070545
0.014589
-0.00963012
0.01421595
-0.0117149
-0.00408927
-0.0115998
-0.0109938
0
0.0167742
0.01010823
0.01256192
-0.01060161
0.0247464
0.00300492
-0.00814504
-0.01022712
-0.00376438
0.0087187
0.01295589
0.00978342
-0.00586886
-0.00293598
0.00316918
-0.0128628
-0.00103548
-0.01536508
0.00354636
0.00758428
0.00479788
0.00479375
-0.00277411
0.00747456
0.01797332
0.00707352
0.01060425
0.00937222
0.00264742
0.00593192
0.00360523
0.00938392
-0.02135335
-0.01215261
0.00549332
-0.00347265
0.0058191
-0.01835408
-0.01016204
0.00418575
-0.00573535
-0.0041246
0.01113318
0.0197923
-0.01048737
0.00259868
0
-0.01700936
0
0.01508852
-0.0206113
0.00592184
0
0
0.00888201
-0.00950337
-0.00396776
0.00427036
0
0.00160923
0
0.0091816
0.0088343
0.0239982
0.01263396
-0.00247538
0.00768446
-0.00495048
0
-0.00971488
0.00748728
0.00444356
-0.0096102
0.00502502
0.01340655
0.00921615
-0.00441152
0
0
-0.00950566
-0.0048697
-0.0035775
0.00360684
0.01245412
0
-0.00230446
-0.00811524
0.00786872
-0.0106673
0.01908785
0
-0.01255185
-0.00340209
-0.02409375
0.00408156
0.0088892
0.006532
0.00928028
-0.0189756
0.0092632
0.0174105
-0.01651552
0.00625863
0.01068364
0.00178492
0
0.01619276
0.00446028
0.00427703
-0.0073386
0.01998116
0
0.00626795
-0.00910824
-0.00590758
0.00387032
0.02156735
-0.0210703
-0.01402131
-0.01147032
-0.00305475
-0.00416984
0
-0.0104517
0.00121758
0.01466675
0
0.01213448
-0.01654588
-0.0082774
-0.00747198
-0.00487416
-0.01169838
0.00489331
-0.00882158
-0.01775852
-0.01509535
0
-0.01891092
0.0176374
0.0093759
0.0218011
-0.00483228
0.013335
0.00352998
0.00256872
-0.00682728
0.00831538
0.01464492
0.00165283
-0.0041285
0
0.00249004
0.00491579
-0.01913185
0
0.01209035
-0.00191795
0.01057962
0.005793
0.00856185
-0.0068807
0
-0.0098991
-0.00699402
-0.0092552
0.00623305
0.0101308
0.01215627
0.00777708
0.00482501
0
0.01071219
0.0096789
-0.00883
-0.00560472
-0.02318645
0.01223035
0.0074457
-0.0090405
-0.0028128
-0.00833274
0.00844838
0.0124407
0.00677736
-0.008003
-0.01075716
0.00886257
-0.0120861
-0.0044149
-0.00704406
-0.0068637
0.0023602
0.0049768
0.01001596
-0.023464
0.01485303
0.00228912
-0.0138858
0.004453
0.00722336
-0.00967245
0.01647844
0
-0.0155372
0.00883508
-0.00454195
0.00985185
0.0172573
0
0.00917092
-0.01469168
0.01984596
0.00360634
-0.01632732
-0.00535278
-0.00450827
0.00515384
0.00440472
0.00435504
0.00695472
-0.0068196
-0.00639543
-0.01462212
-0.01676385
0
-0.00295149
-0.0164724
-0.0111975
-0.01185912
0.01740344
-0.00202732
-0.00767604
-0.00218956
0.0066753
-0.0247234
-0.01301924
-0.01272795
0
0
-0.00384752
-0.00793374
0.00221878
-0.00650523
-0.00458842
0.00860975
-0.02359135
0.01179792
0.018714
0.01489008
0.00198892
-0.005649
0.00880834
-0.0131523
-0.0051878
0.01514696
0
0.00395526
-0.01376925
-0.00379728
-0.01289982
-0.00363406
0.01330288
0.01302496
-0.00526492
0.02137595
0.00523682
0
-0.01462615
0.00706956
-0.00300514
-0.01265001
0.00324136
0.0089986
-0.00879
0.00153165
-0.00250253
0.00255146
0.00509108
-0.0109465
-0.0186543
-0.0176262
-0.00435099
-0.00252698
0.00790874
0.00323752
-0.00349211
0.00335358
-0.00191387
0.00637135
0.0047445
0
-0.00294289
0.00671402
0
-0.01161025
-0.01039912
0.00173128
-0.0117447
-0.01512848
0.00178049
0
-0.00421909
0.00173583
0
-0.00498856
0.00942908
-0.01124727
0.01508048
-0.00974995
-0.00649592
0.01437335
-0.00613004
0.004007
-0.01581852
-0.00971814
-0.00938616
-0.02047935
0
-0.00252863
0
0
-0.0171238
-0.00219978
0
0.00126889
0.00297578
-0.00383782
0
-0.01336805
-0.0125654
-0.00955558
0.0106926
-0.01827575
-0.00111292
0.00663717
0.0154447
-0.00628668
0
-0.00784248
-0.00435636
-0.00570806
-0.00543868
-0.01470008
-0.00662148
-0.00984258
0
0.00101285
-0.0074338
0.00555258
0.00394329
-0.00777392
-0.00784695
0.00621992
-0.00354648
0.00695616
-0.0032102
0
-0.00178848
0.00958962
0.01042212
0.00500094
0.00725372
-0.00640584
-0.00492675
0.00247914
0.00321973
0.00986139
0.0119453
-0.00384721
-0.00770829
0.0203507
-0.01184745
0.00153627
0.00671172
-0.01107936
-0.00969312
0.00497906
0.00409023
-0.00877628
-0.00883376
0.01161939
0.0052948
0.0079759
-0.02211645
-0.00387817
0
0.00377547
0.00463966
-0.00397142
-0.0141089
0.0081724
-0.02105005
0.00372206
-0.00897861
0.00213892
0.00856896
0
-0.00449512
0.00521995
0.00246176
0
0.00833515
-0.01293744
-0.00408244
0.02083075
0.0056067
0
-0.00684534
0.00176067
-0.0216975
0.0179697
0.0166513
0.00351022
0.00473132
-0.00740735
0.01839204
0.00746943
0.00313822
0.00830264
-0.00984904
-0.0183034
-0.00368022
-0.02066135
-0.02371545
0.00703788
-0.00642706
0.00231556
-0.01529776
-0.01050666
-0.01773656
-0.00545877
-0.00986448
-0.01690525
0.00462191
-0.01249257
-0.0147904
-0.00873912
0
0
-0.0042964
-0.00824252
-0.00684987
0.0117124
0.0136316
0
0.01087041
0.0121682
0.00416582
-0.00336632
-0.01414465
0.00556808
-0.00413924
0
0
0.00463082
0.00364864
0
0
0.01038464
-0.01337934
0.00364422
-0.00986614
0.01290135
0.01019244
-0.00938264
-0.00425783
0.01021816
0.00485085
0.00389454
0.0087153
0.01518092
0
0
0.01619555
-0.00309256
0.00390108
-0.00467657
-0.0048358
0.00402099
0
0.00583106
0
-0.00807194
0
0.012909
-0.00462888
0.02409335
0.01601465
-0.01695228
-0.00498494
0.00334541
0.00555716
-0.00966352
0
0.00728108
0.00476524
-0.0072808
-0.00907475
-0.00692766
0.00575228
0.00851499
-0.00453028
0.00834705
-0.00355236
0.00326946
-0.00732474
0.0047788
-0.00125114
0.0156257
-0.0065876
-0.00730623
-0.01325091
0
-0.00973918
-0.0020093
0.01276632
-0.00965062
0
0.0230826
0.00688004
0.01043915
-0.0116639
0.00924095
-0.00819924
0.00457635
-0.00913704
-0.00141887
-0.0061729
-0.0011302
0
-0.00229851
-0.02385615
0
0.00192301
-0.0134083
-0.01177605
-0.01469948
0.00327897
0.00371428
-0.01608992
-0.00244635
-0.00345698
0.00234556
-0.00948816
-0.01837656
0.0104514
0.0036104
-0.00882608
0.015132
0.0092852
-0.00751192
-0.00829299
-0.00855525
-0.01186792
-0.00204642
0.0083116
0.0152176
0.00136213
0.01861352
-0.00774423
-0.00141731
-0.0144827
0.00438152
-0.00320481
0.004257
0
-0.00802066
0.0063851
-0.00985504
0.01291125
0.00792591
0.00110892
0.00632078
-0.01083292
-0.00683073
0.00629278
0.0066962
0.01379585
-0.0051891
-0.00345808
0.01243552
0.0089948
-0.00519176
0.00698174
0.00412788
-0.01798676
0.00375853
-0.0169648
0
0.00258194
-0.01886645
-0.01338501
-0.0193886
0.00200753
-0.01851085
-0.00472806
0.00326088
0.02006605
-0.00458371
-0.00695375
0.00245191
0.00343962
0.00638652
-0.00967114
-0.00371372
0
-0.0178239
0.0141426
0.0159623
-0.01981245
-0.00375519
0
-0.00632109
0.00716698
0.00384899
0.012307
0.01285233
-0.00890259
0.01934564
-0.00666924
-0.00871053
0.0048833
0.00423186
0.0041553
-0.00363134
0.00688216
0
0.0174475
0.00887154
0.01214
0.0098861
-0.00476616
0.02309965
-0.0109416
-0.00331782
0.01892424
0.01139548
-0.00924368
-0.01434575
-0.00168962
-0.00390694
0.01506328
0.0188574
-0.01426956
-0.01135828
-0.0220094
0.00397649
0.00341034
-0.00773704
-0.00306147
-0.00535336
-0.01461265
0
0.00262474
0
-0.0075088
0.00659307
0.02080395
0.00516136
0.00693466
-0.01247568
0
-0.00305684
0.01113835
-0.00144574
0.01250556
-0.0091412
0
0.00107915
-0.01933255
0.00557958
0.00485262
-0.0081483
0.01368471
-0.020832
0.0104553
-0.00404896
0.0081528
-0.00367358
0.00396033
0.00450568
0.01168928
0.00109868
0.00132492
0.01614232
0.0087756
0.00562608
-0.01397772
0.00392159
0.0111209
-0.0022408
-0.00295262
0.00699824
0
0.0237278
-0.02112665
0.01009905
-0.00563936
-0.02153405
0.00588174
0.0203641
0
0.01478752
0.003675
0.01026675
-0.00649676
-0.00731829
-0.00476163
-0.01629135
0
0.00337716
0.00423444
-0.0150072
0.00426996
0.0154887
0.00273422
0
0.02007545
-0.01188558
-0.00624934
0.00372084
0.01457985
0.00394384
-0.00564185
-0.0041676
-0.02013095
-0.01337915
-0.00741345
-0.02241875
0
0.00664096
0.0039848
-0.00352399
-0.00514748
0.01142712
-0.00711225
-0.01398354
0
-0.00570035
0.00589806
-0.00581722
0.00512976
0.00499225
-0.00281887
0.00481556
0
0.0130276
-0.0046184
-0.00905958
-0.01068888
0.00925149
0.01864704
-0.00882171
0
0
-0.0055323
-0.00499502
0.0158159
-0.00420374
-0.0178774
0.00201172
-0.01437884
-0.00354018
-0.00700258
-0.00388364
0.01132656
0.01384672
0.01172259
-0.00759005
-0.01290666
0.00589548
0
-0.00744508
0.02347185
0.00349978
0.00840888
-0.004265
0.008892
0.00403301
0
-0.01903665
-0.0085556
-0.0164928
-0.00474608
0.00639795
-0.00799072
0.00200696
-0.01455292
0.006905
0
0.00758626
0.01060965
0.00325288
-0.01270158
0
-0.00675192
-0.00695708
-0.00765196
-0.02298775
0
-0.01477788
-0.01540545
0.00725684
0
-0.0145536
0.00209508
-0.01621665
0
-0.0029396
-0.00721044
0.0106232
-0.00351496
-0.00968895
-0.0111248
0.00201774
0.00299539
0.0172566
-0.01476006
0.00216771
0.01108636
-0.0212645
-0.00471819
0.00971684
0.00658498
0.00213078
0
-0.0084637
-0.0131465
0
0.00655974
0.01382874
-0.00968493
0
-0.00938559
0
0.00839882
-0.00894894
0.0037029
-0.0048455
-0.01635244
0.00361018
0
-0.00433494
0.00342736
0
-0.0067392
0.00895161
-0.00826214
-0.00755784
-0.01649276
-0.02329525
-0.00509164
0
0.02385245
0.01736764
0.01454157
0.00380808
0
0.00418881
-0.01247848
0.00982204
-0.00437174
0.00434412
0
0.00581372
0.00705236
-0.005983
-0.0084567
-0.01584255
-0.01796308
-0.00274468
0.0231884
-0.00135419
-0.00790536
-0.01373825
-0.02286315
-0.00237918
-0.01733575
-0.00983424
-0.00627008
-0.00571876
-0.00908448
0.0224454
0.0054572
0.00622965
-0.01683855
0
0.00382405
0
0.01366872
-0.00306761
-0.00270054
0.00500649
0.00363033
0.0029315
-0.0172584
0
0.00801892
0.00332184
-0.00281411
0.01106943
0.0169411
0.0098315
0.01094052
-0.0110618
0.00304702
0.00360935
0
-0.00205256
-0.0060054
-0.0225987
-0.00969784
-0.00874576
-0.01893144
0.01140066
0.00403677
0
-0.0049606
-0.00862575
0.00153412
0
-0.0179417
-0.0071221
0.0185145
0.0180407
0
-0.00598317
0.00442347
-0.01546768
-0.01047815
0.00910872
0.01629292
-0.00972848
0.00734206
-0.00226867
0.00313428
-0.0136446
0.0179276
-0.0140387
0.01401504
0.00783176
0.00797396
-0.00987485
0.00394242
0.00143141
0
-0.00183616
0
0.01625324
-0.01999104
0.00201068
0.01370575
-0.00619058
-0.0042496
-0.01458528
-0.0115806
0.01463952
-0.00251026
0.01455436
-0.004166
-0.02313105
0.007883
-0.00169549
0.00885
0.0155928
0.00975066
-0.00474566
-0.00241152
0.0078196
-0.00716335
0.00855228
-0.0152873
0
-0.01392128
0
0.00736166
-0.01995976
0
-0.01857892
0
0.01838396
-0.0141521
0.01092055
0.01139769
-0.01070178
0.006525
0.0098287
-0.00595308
0.00135097
0.01235092
-0.00338367
0.0079247
0.01443432
0.0078706
-0.00941765
-0.0050272
-0.00755282
-0.01004236
0.01335858
0.00626228
-0.00849388
0.0230287
-0.0161464
-0.0018034
0.01229604
-0.00322626
0.0061396
0.0044272
0.00612804
-0.00854458
0.00610154
-0.02447105
-0.00305478
0.01304056
-0.00900174
-0.01566348
-0.00763218
-0.0169597
0.0038667
-0.00284099
0.01300077
-0.01442835
-0.00346358
-0.00557246
0
-0.00741732
-0.0046465
-0.00563865
0.01021218
-0.01174515
-0.00289831
0
-0.00175308
0.00599952
0
-0.00514476
-0.01110315
0.00542695
-0.01711948
-0.01035705
-0.01205904
-0.00586578
0
0.00780105
0.01309677
0.0124391
-0.0016569
0.00877996
-0.0094363
-0.0061071
0
-0.01331176
-0.00237756
-0.00731818
0.0140337
0.00616815
-0.01213419
0.01615608
-0.01915675
0.00697982
0.01970775
-0.00639146
-0.00968295
-0.00923931
-0.00470988
0.01059237
0.01019228
0.00793438
-0.00257725
0.00798748
0.0141687
-0.00864436
-0.00578486
-0.00613135
0.01217331
0.0174811
0.01137105
-0.00392357
0.00504818
0.00629424
-0.00659448
-0.00479558
-0.02113285
0.00355262
0.00118205
-0.0100564
0.00419255
0
-0.00412365
0.01181307
0.00229811
-0.0075878
0.00470691
-0.0090208
-0.00418811
-0.01203732
0.01635808
0.0097661
0.01169229
-0.00524982
-0.01606955
0.00437804
0
0.00309321
-0.0089883
-0.0140846
-0.02458525
0.00337412
0.0076682
-0.01198008
0.01635364
0.00988314
-0.008492
0.01551024
0.01163436
0.01992684
0.00202347
0.01036473
0.00377198
0
-0.01014008
0.00443426
-0.0019655
0.0041519
0.0197118
0.00883648
-0.00883785
-0.01161764
-0.00798404
0.0096656
-0.02470605
-0.01240916
-0.00959785
0.00881808
0.00632132
-0.00934764
0.00625078
0.00470298
-0.00118261
0
-0.01053045
0.01913515
-0.00543579
0.00418748
0.00746648
0.00841132
-0.00756786
-0.00976022
0.00161983
-0.01976196
-0.01502912
0
0.0027774
0.0146268
-0.00356502
0.01983315
-0.0102258
-0.00349455
0
-0.00858555
-0.01395795
-0.00575589
0.01146627
-0.00104326
0.00397416
0.00452324
0.003707
0.010879
-0.0130479
0.0210858
-0.01393732
-0.0164197
0.0172564
0.00307804
0.00829028
0.0065832
0.0059284
0.01839024
-0.00805024
-0.004993
0.00485843
0.01000145
0.00638526
-0.00454276
0.00234716
-0.00239964
0.00458443
0
0.00987345
-0.00378658
-0.00194247
0.01650224
0.00815886
0.00982527
0.01357326
-0.02196955
0.00485523
0.0037804
-0.00439878
0.00626022
0
0.00588148
0.012368
0
-0.00472198
-0.01336905
-0.00390129
0.00321052
0
-0.0099482
-0.0114239
-0.00165519
0
0.00481364
-0.0079789
-0.00532617
0
0.00620532
-0.0077745
0.00468458
-0.00526779
-0.0197388
0.0041892
0
-0.0165978
-0.01172163
0.00570864
-0.0041462
0.00158453
0
-0.0074331
0.00872585
-0.0153326
-0.00195625
0.01991052
-0.00664995
0.0041178
-0.00836992
-0.0203785
0
0.00679898
-0.00592048
0.00236001
-0.01407372
-0.0072309
0.00607932
0.00365621
0.00193154
0.00462921
-0.0095424
0.0197614
-0.0211923
-0.00257371
0.01693852
0.00436116
-0.01334295
-0.01360452
-0.00423763
0.00334176
0.01060734
0.01692156
-0.00566976
-0.00605308
0.02263745
0
-0.00824768
-0.01323545
0.0058234
-0.02368875
0.00765792
-0.00108922
0.0025896
-0.00136931
0.0016873
0.00409731
0.00255232
0.00673569
0.00919124
-0.00287457
0.00864964
-0.00421305
-0.00461828
-0.01492285
-0.0080792
0.00775864
0.01355418
0.00281478
-0.01710284
0.00191525
0.0063197
-0.00123234
0.0056224
-0.01352541
0.0100698
0.01610424
0.0055311
-0.00497088
0
-0.00819415
0.00346122
0.00430502
-0.01403792
0
0.01695475
-0.00383782
0
-0.00302814
0.0086787
0
0.01606208
-0.02063535
0.00130407
-0.00634434
-0.00252378
0
0.00863714
0.00284778
0.01063355
0
0
-0.0086048
-0.01982105
-0.0014576
0.0082026
-0.00460802
0.01384516
-0.00527188
-0.0039629
0.00176073
-0.00402147
-0.00277377
0.02292595
0.00989414
0.00487022
-0.006098
0.0121896
-0.00653088
0
0.00186047
-0.0106269
0
-0.0061025
0.00759072
-0.020847
0.0189654
-0.01385605
0.00384994
-0.00832936
-0.01277418
-0.01854955
-0.00641934
-0.01034096
0.00587932
0.01154151
0
-0.00762228
0.01002164
-0.0181327
-0.0249946
0.00493732
0.00641894
-0.00963952
0.01160996
0
-0.00119226
0.00277554
0.00337183
0.01867344
-0.01178385
0.00329514
-0.01201232
0.00461645
-0.0212487
0.00469016
-0.00953319
-0.00983757
0.02057505
-0.00849054
0
-0.01221621
0
0.009066
-0.01446333
-0.0074064
-0.02152835
-0.00777404
-0.00144553
0.00293198
-0.01364288
0.00200532
0.00465728
0.00280139
-0.01524955
0.00298058
-0.00523584
0.01256292
0.00309746
0.00885603
-0.00334652
-0.01921728
-0.0058296
0.0073263
-0.00552114
-0.00869628
-0.01385016
-0.01008075
-0.01182712
0.01395372
0.01922076
0.01264257
-0.00891604
-0.00275054
-0.0210333
0.00942021
0.0056175
-0.00491972
0
-0.0090893
0.0146679
-0.01181325
-0.00431945
-0.01375924
0
0.00899451
-0.0229545
0.00130506
0.0038955
0.00400053
-0.01643635
0.0042352
-0.0059973
0
0.00994101
0
0
-0.00545076
-0.01737128
-0.00713044
-0.00404026
0.00487045
-0.016768
-0.00872205
0.02194045
-0.00407529
-0.00448534
0.00338535
0.01572392
0.003314
-0.00888126
0.00725712
0.00122545
-0.00351956
-0.01140054
0.00355852
-0.00197067
0
0.01208418
0.00623978
-0.01686704
-0.01229575
0.01813655
-0.0054839
-0.0123597
-0.00659694
0.00366754
0.00476212
-0.00302068
-0.0043013
-0.00337862
0.00238909
0.00190428
-0.00638328
0.01420684
0.00461817
0
-0.0016039
0.0239516
0
-0.01114809
0.00994784
-0.00605252
-0.01006161
0
0.00144181
0.01303287
-0.00333943
0
0
-0.00784055
-0.00673022
-0.00827952
0.00392218
0.00858918
-0.01312713
-0.01649588
-0.01063299
-0.00647375
-0.01467687
0.00746814
-0.01156788
-0.01181465
0.0092584
0.01271985
-0.00506058
-0.00879838
0
-0.00354718
0.02453345
0.00363388
-0.00547802
0.0234471
-0.005136
-0.0027823
-0.00690964
-0.0156948
-0.00305195
0.02006255
0
-0.010041
-0.0122142
0.014307
0.00856624
-0.01062147
0.00483089
0.00439368
0.00822666
-0.00665836
-0.01077395
-0.00403116
0.00567452
0.00212061
-0.00361059
0
0
-0.00471993
0.00322266
-0.01132245
0.00437599
-0.0066639
0.00391734
-0.00422844
0.00446366
-0.00985132
-0.00879045
0.00653169
-0.01172985
-0.00294418
-0.0041637
0.0073223
-0.00282428
0.00588136
0.0031285
-0.00337848
-0.0145501
0.00602584
-0.00367969
-0.00772407
0.0063172
0.00123098
-0.00765025
-0.0139704
0.0137521
0.0062392
-0.00132062
0.0017387
-0.01294716
-0.019408
-0.00850652
0
0.00560718
0.02455435
0.01150168
-0.0096462
0.02269085
-0.0220407
-0.0169585
-0.01050645
0.00296146
0.00104437
-0.00613355
0.0078372
-0.01275568
-0.00304107
-0.01140912
-0.01266748
0.00134702
-0.00980014
-0.00229257
-0.00468957
-0.00393314
-0.0044247
0.00604664
0.00634252
0.01602115
-0.0059226
-0.00791786
-0.00186657
0.00322394
0.00667008
-0.0027006
0.01496748
-0.01479828
0.01730505
-0.01116025
-0.00200164
0.00219703
0.00323958
0.00473258
-0.01104555
-0.0141512
-0.0095562
-0.01901352
0.01024053
0.02288365
0.00154926
-0.00403331
0
0
-0.0101525
0.00801286
0.00858544
0.00809384
-0.00438011
-0.0051224
-0.0191506
0.0078546
-0.01847324
0
-0.00265661
-0.01102396
0.01264812
-0.00282374
-0.00922598
0.0043025
0
-0.00154707
-0.00486952
0.01491975
0.01134432
-0.00375334
0.00361136
0.01120875
0.01345173
0.00822948
0.01448655
0.01702808
-0.00893043
0
-0.01945512
0
-0.00323073
-0.00933172
0.01635648
0.00422911
0.00859209
0.00827044
-0.01059732
-0.00274208
0.00107947
-0.0145288
-0.00627688
-0.01240485
-0.01137832
-0.0100627
0.00920664
0.00968305
0.00920748
-0.00325073
-0.00675954
-0.00900785
-0.00975284
-0.00359544
-0.00414014
0.014838
0.00403776
-0.0118078
0.01800624
0.00482967
0.00688232
-0.01599355
-0.01277217
0
-0.01472553
0.00858378
0.00433963
0
-0.00461731
0.01068144
0.00407188
0.02496915
-0.01056906
-0.01320604
-0.0130176
0.01479028
-0.01721765
0.0069741
-0.00835446
-0.0037165
-0.02297005
-0.00332086
0.0099195
0.0048951
-0.0020254
-0.00335699
-0.0108682
0.00303831
0.02328855
0.00796842
-0.01476663
-0.012697
0.0085052
0.02389565
-0.00397273
-0.0137204
0.00586404
-0.00759786
-0.0210882
0.00822627
0.01958205
-0.00962952
0
0.014876
0.00172475
-0.00464299
0.01048263
0.01450452
0.0180406
-0.0075396
0.00937618
0.00364931
-0.022433
0.00319201
0.0082919
0.00334418
-0.00488618
-0.0185942
-0.0234879
0
-0.0103105
-0.00239084
-0.00141899
-0.01616452
-0.00998182
0.00920996
-0.00452549
-0.0228853
0.00644224
0.01202898
-0.00304441
0.01411779
0.0120148
0.01168685
-0.0059005
0
-0.00411486
-0.00659104
-0.00431739
0.01037778
0
0.00294182
0
-0.01351839
-0.01558792
-0.00980787
0.00726576
-0.0065984
0.01546536
0.01004868
-0.00877795
-0.01096851
-0.0035165
-0.00709092
-0.01861565
-0.00699711
0.00766164
0.01011753
0.00753267
-0.02122715
-0.00616221
0
0
-0.0071281
0.01087885
-0.00500384
0
0.0078998
0.00124016
0
-0.00959004
-0.00583042
0.00304662
0.00721144
-0.00714465
0.005439
-0.00790182
0.02241135
-0.01756424
-0.00387124
-0.00203015
-0.00650562
0.00251774
0.00204295
0.00703528
0.00894376
-0.0099843
0
-0.00291107
0.00605094
0.01332495
0.00497134
-0.00712575
-0.00360249
0.00604803
-0.00165721
0.00898941
-0.00204709
0.00403192
0.00621344
0.01977204
-0.00437144
-0.0088414
0.01409784
-0.00106849
-0.00292417
-0.011973
0.02326285
-0.00385579
0.00705402
-0.0213807
0.00378718
0
0.00534438
-0.00703176
0
0.00894654
-0.00449799
0.01419948
-0.01448984
-0.0052344
0
-0.00929696
0
-0.01014726
0.00935118
-0.00670872
-0.0029059
0.00310507
0.00496593
0.00412401
0.01176162
-0.0057902
0.01882295
0.01919045
0.02001345
-0.0027948
0.01771308
-0.01757004
0.00632068
-0.01689036
-0.01298808
-0.01186563
0.00402255
0.01966575
-0.02016445
0.00886564
0.01234872
0.01111688
-0.00844701
0.00579696
0.02237935
0.01006113
0.00292534
0.00396444
0.0207342
0
-0.00127103
-0.01089656
0.00958976
0.00962811
-0.00149329
0.01770924
-0.00455846
-0.0076536
-0.00898344
0.01312728
0.00607216
-0.00479694
0.00313766
0.00433152
0.00954108
-0.00793852
-0.0030438
0.0177777
0.00104444
-0.00276386
0.00189192
-0.01652872
-0.01247332
-0.0097087
-0.00410706
-0.01239645
-0.00876328
-0.01662868
0.01937735
-0.00624786
0
-0.00655281
0.00197872
-0.00202453
0.00544812
-0.00975669
-0.00138869
-0.00795531
-0.00970356
0.00562584
0
-0.00604204
-0.01174305
0.0183658
-0.00456695
0.00476079
-0.00915268
0.0169218
0.00277679
0.00869514
-0.0023109
0.00923434
-0.00475402
-0.00348272
-0.00593746
-0.0046217
-0.01294125
-0.0076585
0.00325293
-0.01472744
0
0.00257584
0.00340706
0.00505884
-0.00232264
-0.00149377
0.0118824
0.00474584
0.0065794
0
-0.0093411
0.00110649
-0.00805112
0.00585698
0.00482519
0.01701175
0
-0.0126699
0.00871188
0.00306528
0.01433228
-0.01693115
-0.01555852
0.00767454
0.0245776
-0.00873902
0
-0.00767864
-0.0125001
0.02380725
0.00298798
0.00474727
0.00604779
0.00995336
0.00304896
0.02167585
-0.00648398
0.00818564
0.02104705
-0.00464712
-0.00729592
0
-0.01732568
-0.00669262
0
-0.01950784
0.00776272
-0.01002676
0.00462668
0.01185692
-0.01445752
0.00737056
-0.01238296
-0.01079392
-0.00359091
-0.00653814
0.0043854
-0.00874732
0.014539
-0.0158285
-0.00315934
0.0126333
-0.00840558
0.01356393
0.0118482
0.00590127
-0.00593332
0.00384656
-0.0071672
-0.00799852
0
0.01530245
-0.0066259
-0.01874365
0.00782462
-0.0034701
-0.01835936
0.00590925
-0.00406611
0.01846356
-0.01767465
-0.01242488
-0.00305039
0.0230432
-0.00337213
-0.00769317
-0.00790604
0.00168372
0.0023681
0.00320166
0.0164665
0.00629216
-0.00739944
0.00812815
-0.01931385
-0.0107394
-0.0041283
-0.0018892
-0.02041935
0.00852231
-0.0133542
-0.01413225
-0.00215139
0.00950952
0.0052155
0
-0.00789998
-0.00902505
0.01834352
0.0116591
-0.0111896
-0.01031295
0.00106164
0
0.01013379
-0.01715575
-0.00438252
0.01741652
-0.00456652
-0.00675288
0.018277
-0.01220613
0.01353786
0.0123021
-0.00647976
-0.00763788
-0.00865431
0.01692005
-0.01970955
-0.00462244
0.01458708
-0.01381416
-0.0064216
-0.0111682
0.00442737
-0.0054158
-0.01531095
0.01742032
0.00496376
0.00958342
0.00546262
0.00346845
0.00738948
0.00466752
0.00631992
0.00431202
0.00160633
-0.00479172
-0.01404498
-0.01714484
-0.0039985
0.0117363
0.00173076
0.0237295
0.00152239
0.02206505
-0.00340862
0.02298855
-0.00379176
0.0245469
-0.0110082
-0.00331881
0.0157916
-0.01875155
0.00122617
0.00324714
0.00269673
0.01263576
0.01881844
0.00582897
-0.01099725
-0.01846725
0.014358
-0.0128428
0.00430926
-0.00612183
-0.01189335
0.019484
-0.01322752
0.0089589
0.01976288
0.00575937
0
-0.00923588
-0.00325212
-0.00748166
0.00548745
-0.00282968
0.00814432
0.00348438
-0.00571088
-0.00352451
0.00494222
0.01052652
0.0063422
-0.0192414
-0.00443583
0.00510972
0.00310176
0.00704616
-0.00307421
0.00566808
0.01030272
0.01147098
0.00417956
0.00638292
0.01378952
-0.00801206
0.00686121
-0.0081771
0.01136416
-0.0025271
0.00471309
-0.00505536
0.0138186
-0.0070676
0.00365175
0.00596892
0.00505024
0.0134069
0.01404525
-0.0188263
0.01323932
-0.00157743
0.00417076
0.00263468
0.0069661
0.016482
-0.02078105
-0.0074587
-0.01594592
0.0079842
0.00827712
0.0105974
-0.01443654
0.01768956
-0.00422668
-0.01960785
0.0212496
-0.00710284
0.00140364
-0.00880328
0.0094351
0.0099406
0.01537892
0
-0.01729972
-0.01455032
0.01301205
-0.00207665
0
0
0.00906198
0.00431556
-0.00369231
0
0.007625
0.0072663
0.01401936
0.01403541
-0.0087723
-0.0078633
-0.00411539
0.00328831
0.0024627
0.01714616
0.00693106
0.01295755
0.01078536
0.00768382
0.0072602
-0.00756468
-0.00673702
0.00950877
-0.009962
-0.0085877
0.00378711
0.00378146
0
-0.00725007
0.00810785
0.00249142
-0.0086184
-0.00514104
-0.00530505
0.00224446
0.00812564
0
-0.01915168
0
-0.00698228
0.00248263
0.0076912
-0.0108748
0.00529054
-0.00383684
0.01040125
0
-0.00237452
-0.0202544
-0.01457156
0.00762132
0.00300699
-0.01318008
0.00674642
-0.00490935
-0.0134653
0.00368852
-0.00263206
-0.01640808
-0.01085871
-0.0089557
-0.00343476
0.01900816
0.01354148
-0.0084238
-0.00846657
-0.01434393
-0.01850325
-0.00500526
-0.0240529
0.00397674
0.00662028
0.00489122
0.00176329
0.02315605
-0.01454275
0.01441971
-0.00520461
0.00851612
-0.00322392
-0.00967881
-0.00472748
-0.0236304
0.00911075
-0.00721533
0.01318938
0.01753055
-0.01136493
-0.00681018
0
0.00469601
-0.00441684
-0.00484343
0.01421485
0.01490796
0.00156966
0.01449785
-0.0080572
0.0135183
0.0165305
0.01720716
0.01275648
0.00129057
-0.00656412
0.01131261
0.00701439
-0.01514612
0.01770944
0.01078352
0.00674555
0.00925955
0.00641762
-0.01485528
-0.0228707
0
0.00961002
-0.0193802
0.00447702
0.0050111
-0.01289832
-0.00289804
0
-0.0038512
0.00557852
-0.01042758
0.00411211
0.00655569
0.00362254
0.00689928
0
0.01696924
-0.00769662
0.00218412
-0.0063832
0.02437585
0.01322658
0.00959588
0.00253569
-0.0115992
0.00434598
-0.0073458
0
0
0.00457608
0.0058743
0.0113757
-0.00702104
0.00704145
-0.0056234
-0.00213743
-0.00413919
0.00654715
0.0161787
0.0091818
0.01443462
0.01163745
-0.01433004
0.00938127
-0.01436392
-0.01233021
-0.01196048
-0.00501062
-0.00718491
-0.00785032
-0.00830056
-0.00988524
0
-0.00859352
0.0148053
0.01531255
-0.00127297
0.0031545
0.00173213
0.00524378
-0.0212797
0.0139833
0.00849363
0
0.01028428
-0.0138245
0.01316256
0
0.00860514
-0.00316007
0.01177916
-0.01567585
0.00114864
-0.01218903
-0.00180497
-0.0219169
-0.00581888
0.0093592
-0.00522398
0.01491753
-0.00798746
-0.00764955
0.0238753
0
0.00903076
-0.019987
0
0.00983285
0.00282277
0.00582944
-0.0111348
0.01977324
-0.00494208
-0.01928875
-0.01956415
-0.01083762
0
0.01047628
0.0077471
-0.006675
0
-0.01222386
0.00212499
0
0.00340471
0.00349568
-0.00780582
-0.00435156
-0.0149616
0
-0.01240595
-0.00275021
0.00780605
0.01174581
0.0086068
0.00283958
0.01882215
-0.00603705
-0.01044444
-0.016386
0.00672415
-0.00475
0.00481528
0
0
0
-0.00544604
-0.0070573
-0.00258614
0.0115632
-0.00966108
-0.01373817
-0.01410672
-0.00335757
-0.01857235
-0.00828627
0.01377936
0.01266438
0.00405012
-0.01358709
-0.01307896
-0.00534267
-0.00992576
-0.00279022
-0.0023695
-0.00178594
-0.01401021
0.00520092
-0.01344372
0.00846945
-0.01587508
0.01993756
-0.00394575
-0.00630628
0.00167462
-0.00298636
-0.00501518
0.00367287
-0.00762864
0.00407011
0.01738604
0.01213764
0.00256052
0.003723
0.01118022
0.02430565
0.00120461
0.00242745
-0.00646612
0.00914616
0.00293178
0.0125599
0.01703375
-0.00664902
-0.00836754
-0.01275126
-0.00160826
-0.0060747
0
0
0.01054965
0.00427383
0
0
-0.00585314
0.00433868
0.004384
0.0219371
-0.00343062
0.00526836
-0.00163603
0.00189382
-0.0071227
-0.0056549
0.0063456
-0.0076034
-0.0094096
0.00135445
0.01240928
0.0217954
0
-0.00326836
0.00637285
0.01229637
0.02332205
0.00867411
-0.0230456
0.02221625
-0.00938038
-0.00621835
-0.01455555
0
0.00432306
0
-0.00390465
-0.00234912
0.0046052
0.01897045
-0.00394612
0.0065381
0
0.0093137
-0.00474112
-0.00228714
-0.00654788
-0.005571
0.00986848
0.00950276
